12.9213 -3.92181
0.365977 -4.5611
5.44257 0.1442
1.02173 5.06174
4.84974 -0.957381
6.79136 -0.312433
4.08993 3.69131
2.14949 3.07573
3.74636 -0.892544
3.40037 5.23104
-2.69479 2.15307
1.27887 5.55853
4.00732 2.05031
0.0661379 -1.92651
-1.51695 1.99231
4.9893 4.9875
7.16432 2.15296
-1.11827 2.47383
-1.84693 2.41327
2.50537 2.4294
1.22395 -1.88603
-0.159864 4.5486
-2.52389 -1.8495
3.84858 5.51367
1.65573 3.71555
8.50671 7.12294
2.12773 8.51036
1.52827 0.161077
5.40226 0.73307
-2.48807 5.83187
4.86721 -0.343837
2.36024 1.05928
0.448172 5.60446
-1.05212 1.97308
-0.753045 1.15114
3.60917 2.39084
1.49532 4.83946
1.67636 -3.89265
-2.66931 3.74503
0.71084 3.80763
4.71979 -2.81275
1.49749 0.910169
5.94849 -4.58663
3.86617 3.15937
0.245943 -0.950758
1.53804 -0.226127
-0.514153 6.14911
1.50582 1.4686
0.666243 -0.858043
6.06461 1.65873
6.76065 -3.00331
3.06987 -0.841166
3.22348 2.41231
1.78619 3.19472
5.81222 -0.653066
5.14555 8.03055
6.29015 2.20231
4.34243 5.03365
2.74046 3.97127
3.63548 1.98526
5.46383 -0.338496
-4.28335 -1.55148
3.39568 2.31318
6.2657 6.00748
8.08957 0.412519
1.04186 2.68896
3.41932 1.52734
4.0339 -5.61483
9.17118 5.96411
9.22386 -0.921384
2.53911 -4.23211
1.55908 4.19195
-3.50962 3.37524
2.95535 6.87001
2.56423 5.72816
3.40202 5.50897
1.93998 -1.33016
8.55832 6.84341
2.18894 4.42854
5.55088 7.90408
-0.381972 3.00096
6.80256 -3.83967
-2.34046 5.75689
3.85636 4.15777
-1.82576 3.06355
2.17884 2.96475
1.08458 4.25689
5.50086 3.24055
1.8748 3.25956
-2.33812 -2.26533
-0.920165 4.1677
-1.74837 -1.46315
5.48468 3.11205
0.535039 2.38176
1.59569 -2.28797
1.28908 0.825251
-4.2473 0.928968
3.16098 5.10639
8.60787 1.1363
7.41364 -3.99776
